84 ,  152 ,  100 ,    52 ,   95 , 186,   169,   106 ,   37  , 186  , 140  , 202  ,  99  , 105  ,  88  , 114  ,  55  , 186  ,  78 ,  152  , 155 ,   69 ,  190  ,  65  , 214 ,  116  ,  75  ,  55  , 123   , 65  , 154  , 177      ,
  86 ,  149 ,  101  ,  56  ,  93  , 181  , 171  , 116 ,   37  , 192  , 141  , 195  , 100  , 106  ,  85  , 113  ,  50  , 188  ,  83 ,  145  , 154  ,  75 ,  191  ,  79  , 215 ,  116  ,  76  ,  60  , 130   , 71  , 151  , 181    ,
  83 ,  149 ,   99  ,  51  ,  96  , 187  , 169  , 108 ,   34  , 191  , 142  , 198  , 102  , 102  ,  91  , 114  ,  55  , 184  ,  81 ,  149  , 153  , 68 ,  190  ,  65  , 213 ,  118  ,  73  ,  55  , 125   , 63  , 155  , 178     ,
  86 ,  142 ,  101  ,  64  , 105  , 183  , 172  , 116 ,   49  , 180  , 147  , 196  ,  90  ,  91  ,  90  , 122  ,  64  , 176  ,  75 ,  153  , 153  ,  72 ,  186  ,  69  , 209 ,  120  ,  68  ,  56  , 123   , 67  , 144  , 181    ,
  89 ,  145 ,  108  ,  54  ,  91  , 180  , 175  , 107 ,   35  , 192  , 142  , 207  ,  99  , 100  ,  95  , 110  ,  47  , 183  ,  80 ,  149  , 155  ,  75 ,  188  ,  67  , 212 ,  118  ,  91  ,  50  , 135   , 58  , 147  , 165    ,
163 ,  108 ,   54 ,   69 ,  195,    63 ,  209 ,   76 ,  187 ,   60 ,   82 ,  106 ,  122 ,   52 ,  160 ,  137,   168 ,   64 ,  100,   115 ,  213 ,   71,   207 ,  133 ,   47 ,  157  ,  99 ,   61 ,   84                          ,
 119 ,   143,    55 ,  158 ,  106 ,   56 ,   65 ,  195,    60 ,  209 ,   77 ,  186 ,   60 ,   81 ,  107 ,  120 ,   50 ,  161 ,  138,   169 ,   64 ,  100,   114 ,  211 ,   73,   207 ,  135 ,   48 ,  154  ,  97 ,   62 ,   84   ,
 120 ,   142,    54 ,  160 ,  108 ,   53 ,   68 ,  194,    61 ,  208 ,   75 ,  185 ,   60 ,   81 ,  102 ,  120 ,   50 ,  162 ,  134,   167 ,   62 ,   98,   115 ,  214 ,   74,   207 ,  133 ,   48 ,  158  , 100 ,   60 ,   82   ,
 119 ,   146,    56 ,  161 ,  110 ,   51 ,   65 ,  194,    56 ,  215 ,   77 ,  193 ,   66 ,   79 ,  108 ,  118 ,   54 ,  163 ,  137,   167 ,   66 ,   94,   114 ,  214 ,   71,   206 ,  130 ,   57 ,  155  , 101 ,   56 ,   85   ,
 119 ,   142,    50 ,  160 ,  107 ,   55 ,   66 ,  195,    62 ,  206 ,   74 ,  186 ,   57 ,   83 ,  105 ,  121 ,   52 ,  161 ,  133,   164 ,   61 ,  102,   118 ,  212 ,   76,   208 ,  134 ,   48 ,  155  , 103 ,   58 ,   79   ,
 119 ,   144,    52 ,  161 ,  108 ,   55 ,   68 ,  196,    61 ,  208 ,   76 ,  186 ,   60 ,   84 ,  105 ,  121 ,   52 ,  161 ,  137,   168 ,   64 ,  101,   116 ,  212 ,   74,   206 ,  133 ,   47 ,  157  ,  98 ,   61 ,   84   ,
 120 ,   142,    54 ,  161 ,  108 ,   55 ,   67 ,  195,    61 ,  208 ,   76 ,  186 ,   59 ,   82 ,  105 ,  121 ,   52 ,  162 ,  136,   167 ,   63 ,   99,   114 ,  213 ,   73,   207 ,  133 ,   48 ,  157  ,  99 ,   60 ,   84   ,
 119 ,   142,    54 ,  161 ,  108 ,   55 ,   67 ,  195,    61 ,  208 ,   75 ,  186 ,   59 ,   82 ,  105 ,  121 ,   52 ,  162 ,  136,   167 ,   64 ,   99,   114 ,  213 ,   73,   207 ,  133 ,   48 ,  157  ,  99 ,   60 ,   84   ,
 120 ,   142,    53 ,  161 ,  107 ,   56 ,   67 ,  195,    60 ,  206 ,   77 ,  185 ,   61 ,   84 ,  106 ,  122 ,   49 ,  160 ,  139,   165 ,   65 ,   98,   113 ,  214 ,   75,   207 ,  134 ,   47 ,  157  ,  98 ,   61 ,   84   ,
 119 ,   143,    53 ,  161 ,  108 ,   54 ,   67 ,  195,    62 ,  207 ,   75 ,  184 ,   58 ,   81 ,  107 ,  121 ,   51 ,  162 ,  135,   169 ,   63 ,   99,   114 ,  213 ,   73,   207 ,  132 ,   47 ,  158  ,  98 ,   62 ,   85   ,
 122 ,   141,    57 ,  160 ,  108 ,   51 ,   67 ,  196,    63 ,  215 ,   75 ,  185 ,   59 ,   78 ,  101 ,  121 ,   51 ,  164 ,  137,   169 ,   63 ,   98,   113 ,  209 ,   72,   210 ,  132 ,   49 ,  154  ,  99 ,   59 ,   80   ,
 119 ,   143,    53 ,  161 ,  107 ,   55 ,   67 ,  195,    60 ,  208 ,   76 ,  186 ,   59 ,   81 ,  106 ,  121 ,   53 ,  163 ,  136,   167 ,   63 ,   99,   114 ,  212 ,   72,   207 ,  133 ,   48 ,  156  ,  98 ,   60 ,   82   ,
 120 ,   142,    55 ,  163 ,  111 ,   57 ,   70 ,  198,    66 ,  212 ,   81 ,  185 ,   59 ,   82 ,  106 ,  119 ,   49 ,  161 ,  132,   166 ,   65 ,  100,   115 ,  215 ,   74,   207 ,  130 ,   52 ,  152  ,  97 ,   58 ,   86   ,
 120 ,   143,    54 ,  162 ,  105 ,   58 ,   67 ,  195,    61 ,  208 ,   74 ,  183 ,   62 ,   79 ,  106 ,  123 ,   54 ,  163 ,  137,   167 ,   66 ,  100,   109 ,  216 ,   73,   204 ,  131 ,   43 ,  156  ,  97 ,   57 ,   82   ,
 120 ,   142,    54 ,  161 ,  108 ,   54 ,   67 ,  195,    61 ,  208 ,   75 ,  186 ,   59 ,   82 ,  105 ,  121 ,   52 ,  162 ,  136,   167 ,   63 ,   99,   114 ,  213 ,   74,   207 ,  133 ,   48 ,  157  ,  99 ,   60 ,   84   ,
 122 ,   143,    54 ,  157 ,  108 ,   52 ,   65 ,  195,    59 ,  210 ,   70 ,  189 ,   60 ,   84 ,  107 ,  116 ,   51 ,  157 ,  138,   166 ,   60 ,   98,   116 ,  211 ,   76,   207 ,  134 ,   48 ,  156  , 100 ,   61 ,   84   ,
 115 ,   144,    55 ,  158 ,  109 ,   54 ,   69 ,  193,    60 ,  211 ,   80 ,  185 ,   54 ,   80 ,  110 ,  119 ,   55 ,  167 ,  139,   164 ,   65 ,   99,   113 ,  216 ,   69,   204 ,  135 ,   48 ,  151  ,  98 ,   60 ,   87   ,
 121 ,   145,    50 ,  157 ,  107 ,   60 ,   65 ,  198,    62 ,  204 ,   75 ,  186 ,   61 ,   82 ,   96 ,  121 ,   58 ,  163 ,  131,   169 ,   61 ,  102,   121 ,  211 ,   76,   211 ,  138 ,   46 ,  159  ,  96 ,   62 ,   82   ,
 123 ,   143,    56 ,  164 ,  109 ,   56 ,   66 ,  193,    63 ,  213 ,   74 ,  180 ,   62 ,   75 ,  111 ,  118 ,   50 ,  166 ,  134,   168 ,   60 ,   96,   116 ,  210 ,   72,   206 ,  138 ,   55 ,  152  , 101 ,   56 ,   79   ,
 119 ,   142,    53 ,  161 ,  108 ,   54 ,   68 ,  196,    61 ,  208 ,   75 ,  186 ,   59 ,   82 ,  105 ,  121 ,   52 ,  162 ,  136,   167 ,   64 ,  100,   114 ,  213 ,   74,   207 ,  133 ,   49 ,  157  ,  98 ,   60 ,   83   ,
 124 ,   141,    51 ,  161 ,  110 ,   51 ,   70 ,  193,    59 ,  206 ,   73 ,  186 ,   59 ,   79 ,  103 ,  124 ,   49 ,  162 ,  136,   168 ,   66 ,  100,   114 ,  211 ,   73,   209 ,  132 ,   51 ,  158  ,  99 ,   62 ,   85   ,
 119 ,   142,    49 ,  161 ,  107 ,   58 ,   65 ,  199,    62 ,  208 ,   82 ,  184 ,   58 ,   85 ,  108 ,  122 ,   55 ,  159 ,  136,   164 ,   61 ,  102,   115 ,  215 ,   72,   206 ,  133 ,   45 ,  155  , 101 ,   61 ,   89   ,
 121 ,   143,    53 ,  162 ,  107 ,   52 ,   68 ,  196,    63 ,  208 ,   77 ,  184 ,   59 ,   81 ,  105 ,  121 ,   54 ,  162 ,  137,   167 ,   65 ,   97,   114 ,  214 ,   74,   208 ,  134 ,   48 ,  158  , 100 ,   59 ,   84   ,
 120 ,   142,    54 ,  161 ,  108 ,   54 ,   67 ,  195,    61 ,  208 ,   75 ,  185 ,   59 ,   82 ,  105 ,  121 ,   52 ,  162 ,  136,   167 ,   64 ,   99,   114 ,  213 ,   73,   207 ,  133 ,   48 ,  157  ,  99 ,   60 ,   83   ,
 120 ,   142,    54 ,  161 ,  108 ,   54 ,   67 ,  195,    61 ,  208 ,   75 ,  186 ,   59 ,   82 ,  105 ,  121 ,   52 ,  162 ,  136,   167 ,   63 ,   99,   114 ,  213 ,   73,   207 ,  133 ,   48 ,  157  ,  99 ,   60 ,   83   ,
 120 ,   149,    58 ,  167 ,   96 ,   57 ,   64 ,  194,    75 ,  198 ,   89 ,  190 ,   65 ,   74 ,   97 ,  130 ,   41 ,  162 ,  129,   161 ,   60 ,   91,   114 ,  213 ,   64,   209 ,  140 ,   42 ,  157  , 105 ,   54 ,   80   ,
 123 ,   144,    54 ,  163 ,  109 ,   60 ,   68 ,  200,    59 ,  205 ,   74 ,  187 ,   64 ,   81 ,  106 ,  118 ,   51 ,  161 ,  137,   166 ,   63 ,   96,   112 ,  211 ,   74,   208 ,  133 ,   41 ,  153  , 101 ,   64 ,   86   ,
 120 ,   142,    54 ,  161 ,  108 ,   54 ,   67 ,  195,    61 ,  208 ,   76 ,  186 ,   59 ,   82 ,  106 ,  121 ,   52 ,  162 ,  136,   167 ,   63 ,   99,   115 ,  214 ,   73,   207 ,  133 ,   48 ,  157  ,  98 ,   60 ,   83   ,
 118 ,   142,    52 ,  160 ,  107 ,   52 ,   65 ,  193,    62 ,  206 ,   75 ,  188 ,   60 ,   84 ,  102 ,  123 ,   52 ,  161 ,  134,   167 ,   66 ,   99,   114 ,  211 ,   72,   209 ,  132 ,   46 ,  158  ,  98 ,   61 ,   83   ,
 121 ,   142,    51 ,  163 ,  111 ,   54 ,   67 ,  197,    62 ,  210 ,   74 ,  186 ,   58 ,   79 ,  104 ,  123 ,   53 ,  161 ,  137,   169 ,   59 ,  101,   111 ,  215 ,   69,   208 ,  131 ,   49 ,  157  ,  98 ,   59 ,   78   ,
 119 ,   142,    54 ,  161 ,  107 ,   55 ,   67 ,  195,    61 ,  208 ,   76 ,  186 ,   60 ,   82 ,  106 ,  121 ,   52 ,  163 ,  136,   168 ,   64 ,   99,   114 ,  213 ,   73,   208 ,  133 ,   48 ,  156  ,  99 ,   60 ,   83   ,
 120 ,   142,    53 ,  160 ,  108 ,   55 ,   67 ,  196,    61 ,  209 ,   76 ,  186 ,   59 ,   82 ,  106 ,  121 ,   52 ,  162 ,  136,   168 ,   63 ,   99,   114 ,  213 ,   73,   207 ,  134 ,   48 ,  156  ,  99 ,   60 ,   84   ,
 118 ,   140,    50 ,  161 ,  104 ,   57 ,   66 ,  196,    59 ,  212 ,   74 ,  184 ,   58 ,   81 ,  102 ,  121 ,   50 ,  161 ,  135,   171 ,   65 ,  101,   115 ,  216 ,   74,   207 ,  137 ,   48 ,  155  , 101 ,   57 ,   82   ,
 123 ,   134,    49 ,  163 ,  112 ,   60 ,   55 ,  196,    61 ,  217 ,   69 ,  184 ,   44 ,   74 ,  106 ,  128 ,   48 ,  162 ,  136,   169 ,   60 ,  102,   113 ,  215 ,   84,   207 ,  129 ,   59 ,  154  , 101 ,   63 ,   89   ,
 119 ,   143,    55 ,  162 ,  108 ,   56 ,   66 ,  195,    61 ,  208 ,   76 ,  185 ,   58 ,   82 ,  104 ,  122 ,   52 ,  159 ,  136,   166 ,   63 ,   98,   114 ,  213 ,   73,   209 ,  135 ,   47 ,  157  ,  99 ,   61 ,   83   ,
 120 ,   142,    53 ,  162 ,  109 ,   55 ,   65 ,  197,    62 ,  209 ,   74 ,  187 ,   58 ,   81 ,  104 ,  121 ,   50 ,  161 ,  136,   170 ,   63 ,  101,   115 ,  214 ,   74,   206 ,  134 ,   47 ,  155  , 100 ,   59 ,   84   ,
 116 ,   145,    48 ,  166 ,  105 ,   59 ,   69 ,  196,    61 ,  210 ,   82 ,  182 ,   54 ,   83 ,  106 ,  118 ,   44 ,  158 ,  138,   168 ,   65 ,   99,   111 ,  215 ,   74,   206 ,  134 ,   43 ,  158  ,  92 ,   62 ,   85   ,
 120 ,   144,    54 ,  160 ,  106 ,   51 ,   66 ,  197,    60 ,  207 ,   76 ,  186 ,   56 ,   84 ,  103 ,  119 ,   51 ,  162 ,  136,   168 ,   65 ,  103,   115 ,  210 ,   72,   206 ,  135 ,   49 ,  156  , 100 ,   63 ,   86   ,
 118 ,   140,    55 ,  162 ,  113 ,   53 ,   63 ,  200,    57 ,  209 ,   74 ,  186 ,   57 ,   84 ,  105 ,  116 ,   51 ,  163 ,  134,   167 ,   68 ,  100,   112 ,  216 ,   70,   207 ,  138 ,   46 ,  160  , 101 ,   58 ,   84   ,
 117 ,   142,    53 ,  160 ,  108 ,   54 ,   66 ,  197,    62 ,  207 ,   75 ,  186 ,   57 ,   81 ,  104 ,  121 ,   53 ,  162 ,  137,   168 ,   62 ,   97,   113 ,  215 ,   73,   208 ,  135 ,   49 ,  155  ,  99 ,   61 ,   82   ,
 116 ,   140,    55 ,  160 ,  106 ,   57 ,   69 ,  199,    61 ,  214 ,   77 ,  182 ,   60 ,   83 ,  107 ,  119 ,   54 ,  162 ,  140,   164 ,   64 ,  102,   116 ,  212 ,   76,   208 ,  139 ,   48 ,  155  ,  99 ,   59 ,   83   ,
 119 ,   144,    59 ,  162 ,  104 ,   48 ,   57 ,  193,    61 ,  211 ,   72 ,  183 ,   61 ,   78 ,  101 ,  125 ,   57 ,  165 ,  139,   166 ,   61 ,  100,   109 ,  214 ,   78,   205 ,  132 ,   47 ,  159  ,  96 ,   66 ,   80   ,
 121 ,   142,    52 ,  160 ,  104 ,   62 ,   68 ,  196,    59 ,  205 ,   73 ,  187 ,   55 ,   81 ,  106 ,  122 ,   53 ,  160 ,  134,   171 ,   63 ,  101,   113 ,  215 ,   73,   207 ,  130 ,   49 ,  152  ,  99 ,   58 ,   79   ,
 120 ,   140,    52 ,  157 ,  102 ,   52 ,   67 ,  194,    60 ,  206 ,   75 ,  188 ,   56 ,   82 ,  105 ,  119 ,   51 ,  161 ,  134,   173 ,   57 ,  103,   114 ,  217 ,   70,   212 ,  133 ,   49 ,  158  ,  98 ,   57 ,   82   ,
 119 ,   143,    54 ,  162 ,  109 ,   55 ,   64 ,  196,    60 ,  208 ,   75 ,  187 ,   58 ,   83 ,  105 ,  120 ,   53 ,  164 ,  135,   168 ,   63 ,  101,   115 ,  212 ,   72,   209 ,  133 ,   49 ,  157  , 100 ,   60 ,   